camera_matrix: [1128.63623046875, 0.0, 633.8600346322928, 0.0, 
                0.0, 1133.3480224609375, 284.23143854685986, 0.0, 
                0.0, 0.0, 1.0, 0.0]

rlc:  [   -0.125503  ,-0.950118 ,0.285526,
  0.968119 , -0.180176   , -0.174018,
 0.216782 , 0.254583    ,0.94244 ]

tlc: [ 0.32008, 1.11022e-16, -0.097]






